 YR   MON  NINO1+2  ANOM   NINO3    ANOM   NINO4    ANOM   NINO3.4  ANOM
1950   1   23.30   -1.41   23.84   -1.96   27.18   -1.17   24.91   -1.80
1950   2   24.33   -1.85   25.06   -1.49   26.83   -1.37   25.26   -1.62
1950   3   25.24   -1.33   26.53   -0.76   26.91   -1.41   26.08   -1.28
1950   4   23.88   -1.80   26.64   -0.97   27.42   -1.16   26.38   -1.46
1950   5   22.91   -1.56   25.87   -1.42   27.95   -0.94   26.25   -1.71
1950   6   21.60   -1.55   25.63   -1.00   28.27   -0.62   26.59   -1.14
1950   7   20.58   -1.47   25.01   -0.80   27.84   -1.00   26.40   -0.91
1950   8   20.29   -0.82   24.52   -0.71   27.54   -1.23   25.90   -1.06
1950   9   19.67   -1.19   24.17   -0.90   27.44   -1.34   25.73   -1.14
1950  10   20.14   -1.03   24.41   -0.71   27.43   -1.34   25.86   -0.97
1950  11   20.19   -1.66   24.21   -0.98   27.42   -1.28   25.71   -1.06
1950  12   21.82   -1.26   24.36   -1.00   27.35   -1.22   25.43   -1.30
1951   1   24.19   -0.53   24.96   -0.84   27.39   -0.96   25.40   -1.31
1951   2   25.04   -1.13   25.81   -0.73   27.17   -1.03   25.78   -1.10
1951   3   25.51   -1.06   27.04   -0.24   27.85   -0.46   27.02   -0.34
1951   4   25.19   -0.48   27.43   -0.18   28.43   -0.15   27.63   -0.22
1951   5   24.55    0.07   27.15   -0.14   29.09    0.20   27.99    0.03
1951   6   24.57    1.42   26.62   -0.01   29.04    0.14   27.51   -0.22
1951   7   23.79    1.75   26.56    0.75   28.76   -0.09   27.58    0.27
1951   8   22.25    1.14   25.86    0.63   28.24   -0.52   27.07    0.11
1951   9   21.45    0.59   25.73    0.66   28.44   -0.34   27.28    0.41
1951  10   21.77    0.60   25.73    0.62   28.50   -0.27   27.12    0.29
1951  11   22.31    0.47   25.99    0.80   28.68   -0.03   27.13    0.35
1951  12   22.91   -0.17   25.84    0.48   28.52   -0.05   26.90    0.17
1952   1   24.40   -0.32   25.96    0.16   28.37    0.03   26.76    0.05
1952   2   25.95   -0.22   26.49   -0.05   28.12   -0.09   26.86   -0.01
1952   3   26.26   -0.30   27.29   -0.00   28.15   -0.17   27.36   -0.00
1952   4   24.91   -0.76   27.59   -0.02   28.58   -0.01   28.02    0.17
1952   5   23.99   -0.48   27.15   -0.14   28.76   -0.13   28.16    0.20
1952   6   22.55   -0.60   26.11   -0.52   28.55   -0.34   27.48   -0.25
1952   7   21.36   -0.69   25.23   -0.58   28.25   -0.59   26.93   -0.38
1952   8   20.30   -0.81   24.63   -0.60   27.97   -0.80   26.48   -0.48
1952   9   19.75   -1.11   24.46   -0.62   28.33   -0.45   26.53   -0.34
1952  10   20.70   -0.47   24.58   -0.53   28.17   -0.61   26.56   -0.27
1952  11   21.09   -0.76   24.35   -0.84   28.39   -0.31   26.40   -0.38
1952  12   22.70   -0.38   24.82   -0.54   28.34   -0.23   26.57   -0.16
1953   1   24.29   -0.42   25.79   -0.01   28.22   -0.12   26.95    0.24
1953   2   26.24    0.06   26.77    0.23   28.02   -0.18   27.25    0.37
1953   3   27.12    0.55   27.52    0.23   28.10   -0.22   27.64    0.28
1953   4   26.96    1.28   27.83    0.21   28.51   -0.07   28.22    0.37
1953   5   25.37    0.90   27.46    0.17   28.91    0.02   28.34    0.38
1953   6   23.50    0.35   26.90    0.27   29.13    0.24   28.18    0.45
1953   7   22.10    0.06   25.96    0.14   28.97    0.13   27.61    0.30
1953   8   21.39    0.29   25.26    0.03   28.89    0.12   27.13    0.17
1953   9   21.05    0.19   25.37    0.30   28.64   -0.15   27.12    0.25
1953  10   21.04   -0.13   25.24    0.12   28.72   -0.06   27.15    0.32
1953  11   21.68   -0.17   25.20    0.01   28.73    0.02   27.00    0.23
1953  12   22.42   -0.66   25.45    0.09   28.80    0.23   27.08    0.36
1954   1   22.72   -2.00   25.63   -0.17   28.49    0.14   26.99    0.28
1954   2   25.08   -1.09   26.35   -0.19   28.30    0.10   27.11    0.24
1954   3   25.18   -1.38   26.82   -0.47   28.04   -0.28   27.04   -0.32
1954   4   22.92   -2.75   26.08   -1.53   28.19   -0.40   26.89   -0.95
1954   5   21.98   -2.49   25.86   -1.43   28.43   -0.45   27.12   -0.84
1954   6   21.05   -2.10   25.35   -1.27   28.37   -0.53   27.04   -0.69
1954   7   19.61   -2.44   24.66   -1.16   28.02   -0.83   26.44   -0.87
1954   8   19.37   -1.74   23.86   -1.37   27.70   -1.06   25.74   -1.22
1954   9   19.19   -1.67   23.56   -1.52   27.58   -1.21   25.52   -1.35
1954  10   19.34   -1.83   23.73   -1.38   27.48   -1.29   25.69   -1.14
1954  11   20.36   -1.48   24.04   -1.15   27.84   -0.86   25.94   -0.83
1954  12   21.41   -1.67   24.00   -1.36   27.71   -0.87   25.70   -1.02
1955   1   23.79   -0.92   24.96   -0.83   27.68   -0.67   25.88   -0.83
1955   2   24.87   -1.31   25.78   -0.76   27.42   -0.78   25.92   -0.96
1955   3   25.11   -1.45   26.39   -0.90   27.61   -0.71   26.40   -0.95
1955   4   24.31   -1.36   26.45   -1.16   27.79   -0.79   26.70   -1.14
1955   5   22.48   -2.00   25.74   -1.55   28.22   -0.67   26.97   -0.99
1955   6   21.30   -1.85   25.32   -1.31   28.29   -0.60   26.82   -0.90
1955   7   20.77   -1.28   24.76   -1.05   28.15   -0.70   26.44   -0.87
1955   8   19.81   -1.30   23.99   -1.24   27.74   -1.02   25.88   -1.08
1955   9   19.60   -1.26   23.55   -1.53   27.89   -0.89   25.64   -1.24
1955  10   19.47   -1.69   22.83   -2.28   27.33   -1.45   24.69   -2.14
1955  11   20.05   -1.79   22.98   -2.21   26.93   -1.77   24.52   -2.26
1955  12   21.41   -1.67   23.33   -2.03   27.23   -1.35   24.81   -1.92
1956   1   23.54   -1.18   24.82   -0.98   27.04   -1.30   25.69   -1.02
1956   2   25.20   -0.98   25.93   -0.62   27.06   -1.14   26.12   -0.76
1956   3   25.91   -0.65   26.80   -0.49   27.37   -0.95   26.62   -0.74
1956   4   24.48   -1.19   26.88   -0.73   27.73   -0.85   26.82   -1.02
1956   5   23.24   -1.24   26.79   -0.51   28.01   -0.88   27.35   -0.61
1956   6   22.11   -1.04   26.10   -0.53   28.14   -0.75   27.08   -0.65
1956   7   21.59   -0.45   25.10   -0.72   27.96   -0.88   26.51   -0.80
1956   8   20.78   -0.33   24.36   -0.87   27.54   -1.22   25.93   -1.03
1956   9   19.99   -0.87   24.15   -0.92   27.54   -1.25   25.99   -0.88
1956  10   19.79   -1.38   24.07   -1.05   27.81   -0.96   25.88   -0.95
1956  11   20.69   -1.15   24.02   -1.17   28.02   -0.68   25.80   -0.97
1956  12   21.47   -1.62   24.18   -1.18   28.09   -0.49   25.91   -0.81
1957   1   22.79   -1.93   24.93   -0.86   28.01   -0.33   26.09   -0.62
1957   2   25.90   -0.28   26.11   -0.43   27.99   -0.21   26.53   -0.35
1957   3   27.18    0.62   27.39    0.10   28.12   -0.20   27.43    0.07
1957   4   26.62    0.94   27.84    0.23   28.65    0.07   28.14    0.30
1957   5   26.36    1.89   27.78    0.49   29.05    0.16   28.42    0.46
1957   6   24.79    1.64   27.34    0.71   28.70   -0.20   28.28    0.55
1957   7   23.63    1.58   27.00    1.19   28.50   -0.34   28.14    0.83
1957   8   22.15    1.04   26.18    0.94   28.74   -0.03   27.71    0.75
1957   9   21.75    0.89   25.67    0.59   28.87    0.09   27.43    0.56
1957  10   21.79    0.62   25.67    0.55   29.05    0.28   27.39    0.56
1957  11   22.44    0.59   26.18    0.99   29.03    0.32   27.74    0.96
1957  12   23.44    0.36   26.55    1.19   28.98    0.40   27.87    1.15
1958   1   24.62   -0.09   26.91    1.12   29.13    0.78   28.23    1.52
1958   2   26.47    0.30   27.36    0.82   29.19    0.98   28.25    1.37
1958   3   27.03    0.47   27.68    0.39   29.10    0.78   28.21    0.85
1958   4   26.41    0.73   27.78    0.17   29.04    0.46   28.27    0.42
1958   5   24.85    0.38   27.35    0.06   29.16    0.27   28.33    0.37
1958   6   23.54    0.39   26.71    0.08   29.12    0.22   28.16    0.43
1958   7   22.24    0.20   25.75   -0.07   28.86    0.02   27.37    0.06
1958   8   20.65   -0.45   25.09   -0.14   28.77    0.01   26.85   -0.11
1958   9   20.75   -0.11   24.71   -0.36   28.73   -0.06   26.64   -0.23
1958  10   21.09   -0.08   24.80   -0.32   28.86    0.09   26.79   -0.04
1958  11   21.53   -0.31   25.16   -0.03   28.80    0.09   27.05    0.27
1958  12   22.55   -0.53   24.98   -0.37   28.86    0.29   26.85    0.13
1959   1   23.83   -0.88   25.59   -0.21   28.62    0.28   27.05    0.34
1959   2   25.76   -0.41   26.34   -0.20   28.40    0.20   27.22    0.34
1959   3   26.75    0.19   26.95   -0.34   28.35    0.03   27.43    0.08
1959   4   25.65   -0.02   27.46   -0.15   28.72    0.13   27.85    0.01
1959   5   24.21   -0.26   26.86   -0.43   28.79   -0.10   27.74   -0.22
1959   6   22.62   -0.53   26.12   -0.51   28.47   -0.42   27.35   -0.38
1959   7   21.54   -0.51   24.99   -0.82   28.43   -0.42   26.56   -0.75
1959   8   20.13   -0.98   24.42   -0.82   28.40   -0.36   26.27   -0.69
1959   9   20.27   -0.59   24.31   -0.76   28.39   -0.39   26.10   -0.77
1959  10   20.84   -0.33   24.59   -0.52   28.40   -0.37   26.31   -0.52
1959  11   21.86    0.01   24.59   -0.60   28.18   -0.52   26.22   -0.56
1959  12   22.64   -0.44   24.79   -0.56   28.10   -0.47   26.30   -0.42
1960   1   24.40   -0.32   25.41   -0.38   27.66   -0.69   26.32   -0.39
1960   2   25.42   -0.76   26.02   -0.52   27.50   -0.71   26.40   -0.48
1960   3   25.78   -0.78   26.91   -0.38   27.74   -0.58   26.95   -0.41
1960   4   24.57   -1.10   27.29   -0.32   28.08   -0.50   27.62   -0.23
1960   5   23.52   -0.95   26.79   -0.50   28.51   -0.37   27.66   -0.30
1960   6   21.92   -1.23   25.92   -0.70   28.39   -0.51   27.21   -0.52
1960   7   20.73   -1.32   25.36   -0.45   28.22   -0.63   26.86   -0.45
1960   8   20.24   -0.87   24.98   -0.26   28.15   -0.61   26.78   -0.18
1960   9   20.58   -0.28   24.72   -0.36   28.22   -0.56   26.48   -0.39
1960  10   20.51   -0.66   24.28   -0.84   28.37   -0.40   26.31   -0.52
1960  11   21.06   -0.79   24.39   -0.80   28.50   -0.20   26.44   -0.34
1960  12   22.49   -0.59   24.61   -0.75   28.41   -0.16   26.27   -0.45
1961   1   24.59   -0.13   25.15   -0.64   28.04   -0.31   26.35   -0.36
1961   2   26.46    0.28   26.24   -0.30   27.94   -0.26   26.51   -0.37
1961   3   25.88   -0.68   26.85   -0.44   27.91   -0.41   26.90   -0.46
1961   4   25.04   -0.63   27.45   -0.16   28.03   -0.56   27.36   -0.49
1961   5   23.68   -0.79   27.08   -0.21   28.39   -0.50   27.72   -0.24
1961   6   22.20   -0.95   26.42   -0.21   28.71   -0.19   27.72   -0.01
1961   7   20.73   -1.32   25.05   -0.77   28.34   -0.50   27.08   -0.23
1961   8   20.02   -1.09   24.27   -0.96   28.14   -0.62   26.29   -0.67
1961   9   19.73   -1.13   23.74   -1.34   28.18   -0.61   25.96   -0.91
1961  10   20.26   -0.91   23.88   -1.24   27.96   -0.81   25.87   -0.96
1961  11   21.37   -0.48   24.43   -0.76   28.15   -0.56   26.15   -0.63
1961  12   22.42   -0.66   24.70   -0.66   28.10   -0.47   26.15   -0.58
1962   1   24.22   -0.49   25.25   -0.55   27.75   -0.60   26.15   -0.56
1962   2   25.29   -0.88   26.03   -0.51   27.69   -0.51   26.28   -0.60
1962   3   24.65   -1.92   26.57   -0.71   27.97   -0.34   26.81   -0.55
1962   4   23.70   -1.97   26.67   -0.94   28.21   -0.37   27.22   -0.63
1962   5   23.20   -1.27   26.33   -0.96   28.31   -0.57   27.20   -0.76
1962   6   21.97   -1.18   25.84   -0.79   28.45   -0.45   27.19   -0.54
1962   7   20.91   -1.14   25.17   -0.64   28.26   -0.58   26.87   -0.44
1962   8   20.24   -0.87   24.73   -0.50   28.10   -0.67   26.40   -0.56
1962   9   20.12   -0.74   24.20   -0.87   28.11   -0.67   26.01   -0.86
1962  10   20.18   -0.99   24.27   -0.85   28.10   -0.68   26.11   -0.72
1962  11   20.94   -0.91   24.13   -1.06   28.10   -0.60   25.87   -0.91
1962  12   21.91   -1.18   24.21   -1.15   27.90   -0.67   25.82   -0.90
1963   1   23.98   -0.74   24.93   -0.86   27.69   -0.66   25.94   -0.77
1963   2   25.48   -0.70   25.81   -0.73   27.69   -0.51   26.31   -0.57
1963   3   25.83   -0.73   26.92   -0.37   28.04   -0.28   27.15   -0.21
1963   4   24.34   -1.33   27.52   -0.09   28.34   -0.25   27.76   -0.09
1963   5   23.89   -0.59   27.02   -0.27   28.53   -0.35   27.59   -0.37
1963   6   22.46   -0.69   26.66    0.03   28.44   -0.46   27.62   -0.11
1963   7   21.73   -0.32   26.28    0.47   28.63   -0.22   27.78    0.48
1963   8   21.18    0.08   25.70    0.47   28.83    0.07   27.48    0.52
1963   9   20.88    0.02   25.42    0.35   29.07    0.28   27.44    0.57
1963  10   20.99   -0.18   25.50    0.38   29.14    0.37   27.46    0.63
1963  11   21.32   -0.52   25.67    0.48   28.91    0.21   27.43    0.65
1963  12   22.41   -0.67   25.96    0.60   28.66    0.08   27.56    0.84
1964   1   23.94   -0.77   26.01    0.21   28.57    0.22   27.33    0.62
1964   2   24.93   -1.25   26.34   -0.20   28.30    0.09   27.21    0.33
1964   3   25.11   -1.46   26.73   -0.56   28.00   -0.32   27.05   -0.31
1964   4   24.47   -1.20   26.39   -1.22   28.28   -0.31   27.05   -0.79
1964   5   22.20   -2.27   25.69   -1.60   28.48   -0.40   27.01   -0.95
1964   6   21.43   -1.71   25.19   -1.44   28.21   -0.69   26.67   -1.06
1964   7   20.20   -1.84   24.75   -1.07   27.96   -0.89   26.28   -1.02
1964   8   19.58   -1.53   23.70   -1.54   27.66   -1.11   25.73   -1.23
1964   9   19.71   -1.15   23.93   -1.14   27.29   -1.50   25.51   -1.36
1964  10   19.68   -1.49   23.94   -1.18   27.39   -1.39   25.54   -1.29
1964  11   20.91   -0.93   24.05   -1.14   27.23   -1.47   25.43   -1.34
1964  12   21.72   -1.37   23.86   -1.50   27.27   -1.30   25.42   -1.31
1965   1   23.89   -0.83   24.76   -1.03   27.58   -0.77   25.78   -0.93
1965   2   25.84   -0.33   25.94   -0.60   27.72   -0.49   26.33   -0.55
1965   3   26.35   -0.22   26.94   -0.35   27.90   -0.42   26.98   -0.38
1965   4   26.48    0.80   27.49   -0.13   28.00   -0.58   27.49   -0.36
1965   5   25.74    1.27   27.56    0.26   28.66   -0.23   27.97    0.01
1965   6   24.17    1.02   27.12    0.49   28.98    0.09   28.09    0.37
1965   7   22.98    0.94   26.48    0.67   28.93    0.09   27.94    0.63
1965   8   22.23    1.12   26.09    0.86   29.05    0.28   27.88    0.92
1965   9   21.10    0.24   25.92    0.84   29.01    0.22   27.92    1.05
1965  10   21.31    0.14   26.13    1.01   29.24    0.47   28.14    1.31
1965  11   21.92    0.07   26.31    1.12   29.20    0.50   28.06    1.29
1965  12   23.11    0.03   26.42    1.06   29.01    0.43   27.90    1.17
1966   1   25.00    0.29   26.59    0.79   28.74    0.40   27.66    0.95
1966   2   25.80   -0.37   26.82    0.27   28.70    0.49   27.53    0.65
1966   3   25.39   -1.17   27.21   -0.07   29.07    0.75   28.10    0.74
1966   4   24.44   -1.23   27.41   -0.20   28.80    0.21   28.14    0.29
1966   5   23.07   -1.40   26.40   -0.89   28.97    0.09   27.66   -0.30
1966   6   21.79   -1.36   26.01   -0.62   29.05    0.15   27.75    0.02
1966   7   20.78   -1.27   25.37   -0.44   29.01    0.17   27.27   -0.04
1966   8   20.09   -1.02   24.52   -0.71   28.65   -0.11   26.57   -0.39
1966   9   19.88   -0.98   24.21   -0.86   28.70   -0.08   26.45   -0.43
1966  10   20.49   -0.67   24.41   -0.70   28.66   -0.11   26.41   -0.42
1966  11   21.00   -0.85   24.32   -0.87   28.68   -0.02   26.39   -0.39
1966  12   22.41   -0.68   24.29   -1.07   28.38   -0.20   26.16   -0.56
1967   1   23.78   -0.93   25.08   -0.72   27.63   -0.72   26.05   -0.66
1967   2   25.59   -0.58   26.09   -0.45   27.42   -0.79   26.22   -0.66
1967   3   25.37   -1.19   26.43   -0.86   27.86   -0.46   26.51   -0.85
1967   4   24.99   -0.68   26.58   -1.03   28.36   -0.23   26.84   -1.01
1967   5   23.90   -0.57   26.75   -0.54   28.67   -0.22   27.43   -0.53
1967   6   22.22   -0.93   26.40   -0.23   28.58   -0.31   27.57   -0.16
1967   7   21.16   -0.89   25.28   -0.54   28.50   -0.34   27.01   -0.30
1967   8   20.11   -1.00   24.31   -0.93   28.31   -0.45   26.49   -0.47
1967   9   19.27   -1.59   23.72   -1.35   28.23   -0.56   25.97   -0.90
1967  10   19.46   -1.71   23.81   -1.30   28.36   -0.41   26.08   -0.75
1967  11   20.07   -1.78   23.97   -1.22   28.35   -0.35   26.15   -0.62
1967  12   21.20   -1.88   24.13   -1.22   28.26   -0.31   25.98   -0.74
1968   1   23.19   -1.52   24.37   -1.43   27.92   -0.43   25.73   -0.98
1968   2   24.92   -1.26   24.93   -1.61   27.80   -0.40   25.70   -1.18
1968   3   25.15   -1.42   25.85   -1.44   27.94   -0.38   26.27   -1.09
1968   4   24.22   -1.46   26.63   -0.98   28.22   -0.37   27.08   -0.77
1968   5   22.86   -1.61   26.25   -1.04   28.34   -0.54   27.31   -0.65
1968   6   21.93   -1.22   26.36   -0.27   28.81   -0.08   27.91    0.18
1968   7   21.40   -0.65   25.96    0.14   28.59   -0.25   27.56    0.25
1968   8   20.91   -0.20   25.26    0.03   28.60   -0.17   26.98    0.02
1968   9   21.10    0.24   24.96   -0.11   28.60   -0.18   26.75   -0.12
1968  10   20.80   -0.37   25.05   -0.06   28.71   -0.07   26.73   -0.10
1968  11   21.44   -0.41   25.25    0.06   29.03    0.33   27.20    0.42
1968  12   22.99   -0.09   25.71    0.35   29.00    0.42   27.20    0.48
1969   1   24.58   -0.13   26.16    0.36   29.11    0.76   27.40    0.69
1969   2   25.64   -0.53   26.79    0.24   29.11    0.90   27.75    0.88
1969   3   26.97    0.40   27.53    0.24   28.86    0.54   27.87    0.51
1969   4   26.50    0.82   27.84    0.23   28.92    0.33   28.20    0.35
1969   5   25.79    1.31   27.83    0.54   29.06    0.17   28.31    0.35
1969   6   24.13    0.98   26.96    0.33   28.92    0.02   27.90    0.17
1969   7   22.41    0.36   25.84    0.02   28.68   -0.17   27.26   -0.05
1969   8   20.97   -0.13   25.45    0.22   28.78    0.01   27.16    0.20
1969   9   20.83   -0.03   25.43    0.36   29.02    0.23   27.23    0.36
1969  10   21.68    0.52   25.61    0.49   29.18    0.40   27.40    0.57
1969  11   22.32    0.47   25.71    0.52   29.09    0.39   27.21    0.43
1969  12   23.48    0.40   25.95    0.59   28.81    0.23   27.15    0.43
1970   1   24.97    0.25   26.19    0.39   28.56    0.21   26.99    0.28
1970   2   25.85   -0.33   26.56    0.02   28.54    0.33   27.12    0.24
1970   3   25.58   -0.99   26.94   -0.35   28.46    0.14   27.38    0.02
1970   4   25.04   -0.63   27.25   -0.37   28.72    0.14   27.89    0.04
1970   5   23.14   -1.34   26.54   -0.75   28.93    0.04   27.77   -0.19
1970   6   21.55   -1.60   25.40   -1.23   28.82   -0.07   27.15   -0.57
1970   7   20.02   -2.03   24.04   -1.78   28.72   -0.12   26.40   -0.91
1970   8   19.29   -1.81   23.46   -1.77   28.22   -0.54   25.70   -1.27
1970   9   19.38   -1.48   23.75   -1.33   27.91   -0.88   25.71   -1.16
1970  10   20.02   -1.15   23.72   -1.40   27.84   -0.93   25.61   -1.22
1970  11   20.60   -1.24   23.76   -1.43   27.81   -0.89   25.62   -1.16
1970  12   21.90   -1.19   24.02   -1.34   27.22   -1.36   25.38   -1.35
1971   1   23.38   -1.33   24.22   -1.57   26.86   -1.49   24.96   -1.75
1971   2   24.71   -1.47   24.92   -1.63   27.05   -1.16   25.34   -1.54
1971   3   25.29   -1.28   26.00   -1.29   27.24   -1.08   26.04   -1.32
1971   4   25.08   -0.60   26.61   -1.01   27.56   -1.03   26.69   -1.16
1971   5   23.53   -0.94   26.28   -1.01   27.89   -1.00   27.05   -0.91
1971   6   21.77   -1.38   25.49   -1.14   28.01   -0.88   26.66   -1.07
1971   7   21.10   -0.95   24.81   -1.00   27.84   -1.00   26.31   -1.00
1971   8   19.83   -1.28   24.01   -1.22   27.68   -1.09   25.97   -0.99
1971   9   19.49   -1.37   24.04   -1.03   27.51   -1.27   25.84   -1.03
1971  10   19.81   -1.36   23.77   -1.35   27.67   -1.11   25.67   -1.16
1971  11   20.97   -0.88   23.97   -1.22   27.88   -0.82   25.80   -0.97
1971  12   21.89   -1.19   23.87   -1.48   27.97   -0.61   25.52   -1.21
1972   1   24.26   -0.46   24.99   -0.81   27.81   -0.54   25.77   -0.94
1972   2   26.57    0.39   25.93   -0.61   27.99   -0.21   26.33   -0.54
1972   3   26.95    0.39   26.94   -0.35   28.22   -0.10   27.13   -0.23
1972   4   26.19    0.52   27.58   -0.04   28.76    0.17   27.89    0.04
1972   5   25.12    0.64   27.47    0.18   29.15    0.27   28.28    0.32
1972   6   24.67    1.52   27.16    0.53   29.13    0.23   28.22    0.49
1972   7   23.92    1.87   26.97    1.16   29.00    0.16   28.15    0.84
1972   8   23.33    2.23   26.71    1.48   28.78    0.02   27.98    1.02
1972   9   22.01    1.15   26.34    1.26   28.95    0.17   27.98    1.11
1972  10   22.40    1.23   26.73    1.61   29.15    0.37   28.35    1.52
1972  11   23.00    1.15   27.01    1.82   29.26    0.56   28.58    1.80
1972  12   24.48    1.40   27.32    1.96   29.22    0.65   28.56    1.83
1973   1   25.74    1.02   27.27    1.48   29.01    0.66   28.20    1.49
1973   2   26.29    0.12   27.22    0.68   28.74    0.54   27.92    1.04
1973   3   26.32   -0.25   27.39    0.10   28.49    0.17   27.70    0.34
1973   4   25.12   -0.55   26.95   -0.66   28.45   -0.13   27.54   -0.31
1973   5   23.68   -0.79   26.19   -1.10   28.44   -0.44   27.16   -0.80
1973   6   21.98   -1.17   25.48   -1.15   28.27   -0.63   26.78   -0.95
1973   7   20.94   -1.11   24.35   -1.46   28.05   -0.80   25.99   -1.32
1973   8   19.58   -1.53   23.72   -1.51   27.74   -1.02   25.52   -1.44
1973   9   19.50   -1.35   23.52   -1.55   27.56   -1.22   25.20   -1.67
1973  10   19.83   -1.34   23.40   -1.72   27.28   -1.49   24.89   -1.94
1973  11   20.66   -1.19   23.45   -1.74   27.00   -1.70   24.52   -2.26
1973  12   21.91   -1.17   23.65   -1.71   26.71   -1.86   24.57   -2.16
1974   1   23.56   -1.15   24.10   -1.70   26.54   -1.80   24.71   -2.00
1974   2   25.08   -1.09   25.23   -1.31   26.86   -1.34   25.22   -1.66
1974   3   25.81   -0.75   26.30   -0.99   27.25   -1.07   25.94   -1.42
1974   4   25.27   -0.41   26.86   -0.75   27.46   -1.13   26.64   -1.21
1974   5   24.33   -0.14   26.49   -0.80   27.77   -1.11   26.78   -1.18
1974   6   22.49   -0.66   25.88   -0.75   27.89   -1.01   26.64   -1.09
1974   7   21.49   -0.56   25.32   -0.50   27.89   -0.96   26.47   -0.83
1974   8   20.56   -0.55   24.87   -0.36   28.05   -0.72   26.41   -0.55
1974   9   20.16   -0.70   24.46   -0.61   27.83   -0.95   26.25   -0.62
1974  10   19.99   -1.18   24.16   -0.95   27.68   -1.09   25.92   -0.91
1974  11   20.85   -1.00   24.21   -0.98   27.67   -1.04   25.78   -1.00
1974  12   21.66   -1.42   24.40   -0.96   27.58   -0.99   25.81   -0.91
1975   1   23.55   -1.16   25.25   -0.54   27.75   -0.60   26.21   -0.50
1975   2   25.17   -1.01   25.68   -0.86   27.83   -0.38   26.17   -0.71
1975   3   26.11   -0.46   26.37   -0.92   27.74   -0.58   26.38   -0.97
1975   4   25.41   -0.26   27.02   -0.59   27.88   -0.71   27.02   -0.83
1975   5   23.66   -0.81   26.33   -0.96   28.08   -0.80   27.06   -0.90
1975   6   22.00   -1.14   25.37   -1.26   27.85   -1.04   26.48   -1.25
1975   7   21.15   -0.90   24.76   -1.05   27.62   -1.23   26.15   -1.16
1975   8   20.11   -1.00   24.17   -1.06   27.32   -1.45   25.54   -1.42
1975   9   19.34   -1.52   23.72   -1.36   26.95   -1.84   25.24   -1.63
1975  10   19.28   -1.89   23.55   -1.57   26.88   -1.89   25.06   -1.77
1975  11   19.63   -2.22   23.73   -1.46   26.90   -1.80   25.19   -1.58
1975  12   21.11   -1.98   23.56   -1.80   26.83   -1.74   24.87   -1.85
1976   1   23.53   -1.19   23.94   -1.86   26.93   -1.42   24.78   -1.93
1976   2   25.43   -0.75   25.32   -1.22   27.21   -1.00   25.57   -1.31
1976   3   26.04   -0.52   26.55   -0.73   27.55   -0.77   26.58   -0.78
1976   4   25.78    0.10   26.92   -0.69   28.06   -0.53   27.06   -0.78
1976   5   24.98    0.51   26.91   -0.38   28.32   -0.56   27.34   -0.62
1976   6   24.21    1.06   26.83    0.20   28.33   -0.56   27.37   -0.36
1976   7   23.33    1.28   26.15    0.33   28.35   -0.49   27.16   -0.15
1976   8   21.90    0.79   25.80    0.57   28.42   -0.35   26.96   -0.00
1976   9   21.56    0.70   25.64    0.56   28.47   -0.31   27.03    0.16
1976  10   21.43    0.27   25.88    0.77   28.90    0.13   27.50    0.67
1976  11   22.00    0.15   25.83    0.64   28.86    0.15   27.39    0.61
1976  12   23.32    0.24   25.84    0.48   28.44   -0.14   27.26    0.54
1977   1   24.92    0.20   26.47    0.67   28.29   -0.06   27.37    0.66
1977   2   25.77   -0.41   26.94    0.40   28.13   -0.08   27.22    0.34
1977   3   26.02   -0.55   27.49    0.20   28.22   -0.10   27.56    0.20
1977   4   25.31   -0.36   27.06   -0.55   28.59    0.00   27.64   -0.21
1977   5   23.87   -0.61   27.02   -0.27   28.76   -0.13   27.95   -0.01
1977   6   22.94   -0.21   26.53   -0.10   28.87   -0.02   27.93    0.20
1977   7   21.67   -0.38   25.59   -0.23   29.01    0.17   27.51    0.20
1977   8   20.29   -0.82   24.76   -0.47   28.86    0.10   26.91   -0.05
1977   9   19.87   -0.99   24.89   -0.19   29.03    0.25   27.08    0.21
1977  10   20.43   -0.73   25.24    0.13   29.02    0.24   27.32    0.49
1977  11   21.28   -0.57   25.31    0.12   29.00    0.30   27.28    0.51
1977  12   22.46   -0.63   25.55    0.19   29.00    0.42   27.36    0.64
1978   1   24.45   -0.27   25.87    0.07   28.70    0.35   27.24    0.53
1978   2   25.76   -0.41   26.45   -0.10   28.39    0.18   27.13    0.26
1978   3   25.57   -0.99   26.87   -0.42   28.19   -0.13   27.19   -0.17
1978   4   24.92   -0.75   26.77   -0.84   28.15   -0.43   27.21   -0.64
1978   5   23.39   -1.08   26.30   -0.99   28.68   -0.20   27.41   -0.55
1978   6   22.11   -1.04   25.77   -0.85   28.54   -0.36   27.15   -0.57
1978   7   21.14   -0.91   25.07   -0.74   28.36   -0.48   26.77   -0.54
1978   8   19.98   -1.12   24.25   -0.98   28.17   -0.59   26.17   -0.79
1978   9   20.00   -0.86   24.30   -0.77   28.30   -0.49   26.12   -0.75
1978  10   20.13   -1.03   24.64   -0.47   28.24   -0.53   26.30   -0.53
1978  11   21.68   -0.16   24.88   -0.31   28.39   -0.32   26.42   -0.35
1978  12   22.93   -0.16   25.25   -0.11   28.42   -0.15   26.57   -0.15
1979   1   24.97    0.26   25.39   -0.41   28.38    0.03   26.48   -0.23
1979   2   25.74   -0.43   26.17   -0.37   28.21    0.01   26.59   -0.28
1979   3   26.07   -0.49   27.27   -0.02   28.27   -0.05   27.41    0.05
1979   4   25.63   -0.05   27.76    0.15   28.51   -0.07   27.93    0.08
1979   5   24.52    0.05   27.34    0.05   28.76   -0.13   27.88   -0.08
1979   6   23.29    0.14   26.63    0.00   28.74   -0.15   27.59   -0.13
1979   7   21.92   -0.13   25.66   -0.16   28.67   -0.18   27.05   -0.25
1979   8   21.08   -0.03   25.30    0.07   28.49   -0.28   26.85   -0.11
1979   9   21.01    0.15   25.60    0.53   28.66   -0.12   27.14    0.27
1979  10   21.40    0.23   25.50    0.38   28.73   -0.05   26.92    0.09
1979  11   21.77   -0.08   25.64    0.46   28.91    0.21   27.10    0.33
1979  12   22.81   -0.27   25.73    0.37   28.75    0.17   27.18    0.46
1980   1   24.57   -0.15   26.18    0.38   28.62    0.28   27.15    0.44
1980   2   25.84   -0.34   26.57    0.03   28.51    0.31   27.10    0.22
1980   3   26.59    0.03   27.12   -0.17   28.49    0.17   27.38    0.02
1980   4   25.73    0.06   27.51   -0.10   28.78    0.20   27.86    0.01
1980   5   24.49    0.02   27.31    0.02   29.16    0.28   28.15    0.19
1980   6   22.96   -0.19   26.83    0.20   29.10    0.21   28.04    0.32
1980   7   21.20   -0.85   25.71   -0.10   28.97    0.12   27.47    0.16
1980   8   20.66   -0.45   24.98   -0.25   28.56   -0.21   26.74   -0.22
1980   9   20.41   -0.44   24.88   -0.19   28.58   -0.21   26.63   -0.24
1980  10   20.70   -0.47   24.69   -0.42   28.76   -0.02   26.57   -0.26
1980  11   21.45   -0.40   25.07   -0.12   28.69   -0.02   26.69   -0.09
1980  12   22.49   -0.59   25.34   -0.02   28.51   -0.07   26.81    0.09
1981   1   23.28   -1.44   25.17   -0.63   28.15   -0.19   26.39   -0.32
1981   2   25.15   -1.03   25.71   -0.83   27.96   -0.25   26.28   -0.60
1981   3   26.19   -0.38   26.72   -0.57   28.09   -0.23   26.80   -0.56
1981   4   25.10   -0.58   27.16   -0.45   28.20   -0.38   27.42   -0.43
1981   5   23.92   -0.55   26.83   -0.46   28.43   -0.45   27.52   -0.44
1981   6   22.78   -0.37   26.32   -0.31   28.44   -0.45   27.42   -0.31
1981   7   21.26   -0.79   25.37   -0.45   28.29   -0.55   26.79   -0.52
1981   8   20.24   -0.86   24.57   -0.66   28.15   -0.61   26.45   -0.51
1981   9   20.32   -0.54   24.79   -0.28   28.35   -0.43   26.57   -0.30
1981  10   20.75   -0.41   24.90   -0.22   28.49   -0.28   26.53   -0.30
1981  11   21.50   -0.35   24.85   -0.34   28.51   -0.19   26.45   -0.33
1981  12   22.85   -0.23   25.31   -0.05   28.46   -0.12   26.56   -0.16
1982   1   24.62   -0.10   26.00    0.20   28.29   -0.06   26.84    0.13
1982   2   25.63   -0.55   26.51   -0.03   28.14   -0.07   26.69   -0.19
1982   3   25.66   -0.91   27.24   -0.05   28.44    0.12   27.52    0.16
1982   4   25.09   -0.59   27.72    0.11   28.95    0.36   28.13    0.28
1982   5   24.33   -0.15   27.74    0.45   29.30    0.41   28.46    0.50
1982   6   23.42    0.27   27.23    0.61   29.37    0.47   28.33    0.60
1982   7   22.47    0.42   26.29    0.47   29.01    0.17   27.76    0.45
1982   8   21.92    0.81   26.08    0.85   28.90    0.13   27.67    0.71
1982   9   22.16    1.30   26.71    1.64   29.05    0.27   28.23    1.36
1982  10   22.78    1.61   27.21    2.09   29.34    0.56   28.67    1.84
1982  11   24.50    2.66   27.54    2.35   29.22    0.52   28.68    1.91
1982  12   25.91    2.83   28.04    2.68   29.09    0.52   28.87    2.14
1983   1   27.20    2.49   28.47    2.67   28.75    0.40   28.82    2.11
1983   2   28.16    1.99   28.63    2.09   28.61    0.41   28.68    1.80
1983   3   29.00    2.43   28.85    1.56   28.58    0.26   28.72    1.36
1983   4   28.94    3.27   29.09    1.47   28.72    0.13   28.83    0.98
1983   5   28.27    3.80   28.95    1.66   29.09    0.21   28.89    0.93
1983   6   27.24    4.09   28.13    1.50   28.95    0.06   28.33    0.60
1983   7   25.84    3.79   26.76    0.94   28.69   -0.16   27.25   -0.06
1983   8   24.01    2.90   26.00    0.77   28.46   -0.31   26.76   -0.20
1983   9   22.37    1.51   25.30    0.22   28.22   -0.57   26.42   -0.45
1983  10   22.24    1.07   24.73   -0.38   28.05   -0.73   25.89   -0.94
1983  11   22.38    0.53   24.42   -0.77   27.94   -0.76   25.74   -1.03
1983  12   23.26    0.18   24.73   -0.63   27.88   -0.69   25.87   -0.85
1984   1   24.40   -0.32   25.31   -0.48   27.69   -0.66   26.08   -0.63
1984   2   25.44   -0.73   26.46   -0.08   27.67   -0.53   26.72   -0.16
1984   3   26.06   -0.51   27.12   -0.17   27.67   -0.65   26.98   -0.38
1984   4   25.61   -0.07   27.23   -0.38   27.90   -0.68   27.30   -0.54
1984   5   23.78   -0.69   26.49   -0.80   28.25   -0.64   27.42   -0.54
1984   6   22.46   -0.69   25.65   -0.98   28.34   -0.56   27.07   -0.66
1984   7   21.68   -0.37   25.19   -0.63   28.34   -0.51   26.96   -0.35
1984   8   20.73   -0.38   24.84   -0.40   28.24   -0.53   26.68   -0.28
1984   9   20.78   -0.08   24.68   -0.39   28.39   -0.39   26.47   -0.41
1984  10   20.76   -0.41   24.43   -0.69   28.21   -0.56   26.18   -0.65
1984  11   21.69   -0.16   24.25   -0.94   27.96   -0.75   25.64   -1.14
1984  12   22.68   -0.40   24.18   -1.18   27.82   -0.75   25.45   -1.27
1985   1   23.95   -0.76   24.65   -1.15   27.83   -0.52   25.67   -1.04
1985   2   25.13   -1.05   25.76   -0.79   27.61   -0.59   26.23   -0.65
1985   3   25.82   -0.74   26.50   -0.79   27.58   -0.74   26.65   -0.71
1985   4   24.41   -1.27   26.67   -0.94   27.81   -0.78   26.85   -1.00
1985   5   23.02   -1.45   26.40   -0.89   28.09   -0.79   27.11   -0.85
1985   6   22.23   -0.92   25.78   -0.85   28.11   -0.79   26.97   -0.76
1985   7   20.92   -1.12   24.91   -0.90   28.40   -0.45   26.80   -0.51
1985   8   20.04   -1.07   24.38   -0.85   28.36   -0.40   26.45   -0.51
1985   9   19.89   -0.97   24.20   -0.87   28.32   -0.46   26.18   -0.69
1985  10   20.28   -0.89   24.34   -0.78   28.51   -0.26   26.38   -0.44
1985  11   21.16   -0.68   24.51   -0.68   28.51   -0.20   26.49   -0.29
1985  12   22.71   -0.37   24.62   -0.74   28.48   -0.09   26.37   -0.35
1986   1   24.61   -0.10   24.92   -0.88   28.19   -0.15   26.12   -0.59
1986   2   26.01   -0.17   26.02   -0.52   28.03   -0.17   26.25   -0.63
1986   3   25.90   -0.67   26.99   -0.30   28.19   -0.13   27.02   -0.34
1986   4   24.91   -0.77   27.32   -0.30   28.34   -0.24   27.63   -0.22
1986   5   23.45   -1.02   26.73   -0.56   28.73   -0.15   27.64   -0.32
1986   6   22.17   -0.98   26.25   -0.38   28.84   -0.05   27.57   -0.16
1986   7   21.52   -0.53   25.73   -0.08   28.86    0.02   27.27   -0.04
1986   8   21.05   -0.06   25.29    0.06   29.01    0.24   27.22    0.26
1986   9   21.15    0.29   25.26    0.18   29.09    0.31   27.37    0.50
1986  10   21.30    0.14   25.51    0.39   29.14    0.36   27.56    0.73
1986  11   22.07    0.23   25.83    0.64   29.19    0.49   27.66    0.88
1986  12   23.50    0.42   26.09    0.73   28.97    0.39   27.69    0.96
1987   1   25.66    0.94   26.70    0.90   28.66    0.31   27.74    1.03
1987   2   27.01    0.84   27.54    1.00   28.72    0.52   27.97    1.09
1987   3   27.95    1.39   28.33    1.04   28.85    0.53   28.47    1.11
1987   4   26.91    1.24   28.50    0.88   28.98    0.39   28.66    0.82
1987   5   25.85    1.38   28.14    0.85   29.30    0.41   28.60    0.64
1987   6   24.15    1.00   27.52    0.89   29.49    0.60   28.61    0.88
1987   7   23.15    1.11   26.98    1.17   29.40    0.56   28.54    1.23
1987   8   22.00    0.89   26.62    1.39   29.34    0.57   28.42    1.46
1987   9   21.91    1.05   26.61    1.53   29.53    0.74   28.38    1.51
1987  10   22.60    1.43   26.26    1.15   29.60    0.82   28.07    1.24
1987  11   22.83    0.98   26.20    1.01   29.59    0.88   27.86    1.09
1987  12   23.54    0.46   26.34    0.98   29.37    0.80   27.63    0.90
1988   1   24.85    0.13   26.51    0.71   29.00    0.65   27.50    0.79
1988   2   25.83   -0.34   26.60    0.05   28.68    0.47   27.11    0.23
1988   3   25.86   -0.70   27.24   -0.05   28.51    0.19   27.40    0.04
1988   4   25.08   -0.59   27.19   -0.42   28.44   -0.15   27.53   -0.31
1988   5   23.69   -0.78   26.13   -1.16   28.40   -0.48   26.96   -1.00
1988   6   21.87   -1.28   24.89   -1.74   28.20   -0.69   26.27   -1.45
1988   7   20.73   -1.32   24.03   -1.79   28.08   -0.76   25.75   -1.56
1988   8   19.81   -1.29   23.80   -1.44   28.25   -0.52   25.73   -1.23
1988   9   19.73   -1.12   24.01   -1.07   28.06   -0.72   25.80   -1.07
1988  10   20.01   -1.16   23.63   -1.48   27.31   -1.46   25.01   -1.82
1988  11   20.94   -0.91   23.66   -1.53   27.15   -1.55   24.84   -1.93
1988  12   22.22   -0.87   23.85   -1.51   27.06   -1.52   24.88   -1.84
1989   1   24.29   -0.43   24.43   -1.37   26.81   -1.54   24.81   -1.90
1989   2   25.98   -0.19   25.58   -0.97   26.90   -1.30   25.43   -1.45
1989   3   26.31   -0.26   26.31   -0.98   27.35   -0.97   26.20   -1.16
1989   4   25.39   -0.29   26.80   -0.82   27.83   -0.75   26.79   -1.05
1989   5   23.46   -1.01   26.58   -0.71   28.36   -0.53   27.19   -0.77
1989   6   22.21   -0.94   26.40   -0.23   28.16   -0.74   27.21   -0.52
1989   7   21.36   -0.69   25.44   -0.37   28.19   -0.65   26.86   -0.45
1989   8   20.74   -0.37   24.84   -0.39   28.15   -0.61   26.47   -0.49
1989   9   20.18   -0.68   24.76   -0.31   28.38   -0.41   26.50   -0.37
1989  10   20.72   -0.45   24.69   -0.42   28.42   -0.36   26.41   -0.42
1989  11   21.62   -0.22   24.67   -0.52   28.30   -0.41   26.32   -0.46
1989  12   22.64   -0.45   24.95   -0.41   28.55   -0.03   26.61   -0.12
1990   1   24.27   -0.45   25.49   -0.31   28.55    0.20   26.68   -0.03
1990   2   26.20    0.02   26.52   -0.02   28.60    0.40   27.00    0.13
1990   3   26.27   -0.30   26.98   -0.31   28.68    0.36   27.37    0.01
1990   4   25.12   -0.55   27.53   -0.09   28.79    0.20   27.89    0.04
1990   5   24.07   -0.40   27.44    0.15   28.95    0.07   28.05    0.09
1990   6   22.78   -0.37   26.67    0.04   28.98    0.08   27.72   -0.01
1990   7   21.40   -0.65   25.90    0.08   29.07    0.23   27.51    0.20
1990   8   20.71   -0.40   25.30    0.07   29.09    0.32   27.12    0.16
1990   9   20.15   -0.71   25.16    0.09   29.06    0.28   27.03    0.16
1990  10   20.43   -0.74   24.99   -0.12   29.20    0.43   27.08    0.25
1990  11   21.32   -0.53   25.02   -0.17   29.16    0.46   26.89    0.11
1990  12   22.73   -0.35   25.28   -0.07   29.12    0.55   27.04    0.31
1991   1   24.31   -0.40   25.84    0.04   28.91    0.57   27.12    0.41
1991   2   25.97   -0.20   26.44   -0.11   28.74    0.53   27.18    0.30
1991   3   26.44   -0.13   27.11   -0.18   28.72    0.40   27.44    0.08
1991   4   25.45   -0.23   27.65    0.04   29.04    0.45   28.13    0.29
1991   5   24.23   -0.24   27.57    0.28   29.42    0.53   28.29    0.33
1991   6   23.12   -0.03   27.28    0.65   29.40    0.50   28.27    0.54
1991   7   22.52    0.47   26.66    0.85   29.42    0.57   28.09    0.78
1991   8   21.46    0.35   25.82    0.59   29.31    0.54   27.72    0.76
1991   9   21.36    0.50   25.36    0.29   29.23    0.45   27.35    0.48
1991  10   21.72    0.55   25.69    0.57   29.48    0.71   27.71    0.88
1991  11   22.42    0.57   26.08    0.89   29.43    0.72   27.98    1.20
1991  12   23.72    0.64   26.46    1.10   29.33    0.76   28.29    1.56
1992   1   25.15    0.44   26.98    1.18   28.97    0.63   28.40    1.69
1992   2   26.87    0.69   27.57    1.03   29.02    0.82   28.52    1.64
1992   3   27.61    1.04   28.16    0.87   28.95    0.63   28.65    1.29
1992   4   27.38    1.70   28.67    1.05   29.14    0.56   29.04    1.19
1992   5   26.33    1.86   28.39    1.10   29.34    0.45   29.00    1.04
1992   6   24.05    0.90   27.29    0.66   29.25    0.36   28.51    0.78
1992   7   22.18    0.13   25.91    0.09   29.25    0.41   27.76    0.46
1992   8   21.08   -0.03   25.22   -0.01   29.05    0.29   27.10    0.14
1992   9   21.05    0.19   24.99   -0.08   28.91    0.13   26.86   -0.01
1992  10   21.27    0.11   24.88   -0.24   28.83    0.05   26.67   -0.16
1992  11   21.78   -0.06   24.92   -0.27   28.80    0.09   26.68   -0.10
1992  12   22.95   -0.13   25.16   -0.20   28.81    0.24   26.75    0.03
1993   1   24.68   -0.03   25.70   -0.10   28.75    0.41   26.87    0.16
1993   2   26.42    0.25   26.87    0.33   28.42    0.22   27.24    0.36
1993   3   26.88    0.31   27.64    0.35   28.49    0.18   27.78    0.42
1993   4   26.60    0.93   28.43    0.82   28.79    0.21   28.62    0.77
1993   5   25.44    0.97   28.31    1.02   29.08    0.19   28.87    0.91
1993   6   24.07    0.92   27.12    0.49   29.12    0.23   28.28    0.55
1993   7   22.69    0.64   26.08    0.27   29.07    0.22   27.59    0.28
1993   8   21.52    0.41   25.36    0.13   28.96    0.19   27.03    0.07
1993   9   21.05    0.19   25.25    0.17   29.07    0.29   27.19    0.32
1993  10   21.58    0.41   25.28    0.16   28.84    0.06   27.03    0.20
1993  11   22.10    0.25   25.23    0.04   28.92    0.22   26.89    0.12
1993  12   23.14    0.05   25.44    0.08   28.82    0.25   26.93    0.21
1994   1   24.64   -0.08   25.96    0.17   28.55    0.21   26.86    0.15
1994   2   25.93   -0.24   26.46   -0.09   28.24    0.04   27.00    0.12
1994   3   25.83   -0.73   26.98   -0.30   28.52    0.20   27.49    0.13
1994   4   24.82   -0.86   27.38   -0.23   28.84    0.25   28.17    0.32
1994   5   23.79   -0.68   27.27   -0.02   29.17    0.29   28.36    0.40
1994   6   22.53   -0.62   26.62   -0.00   29.27    0.38   28.08    0.35
1994   7   21.39   -0.66   25.65   -0.17   29.42    0.58   27.64    0.33
1994   8   20.37   -0.74   25.03   -0.20   29.52    0.76   27.44    0.48
1994   9   20.60   -0.25   24.97   -0.11   29.36    0.58   27.13    0.26
1994  10   21.79    0.62   25.54    0.42   29.47    0.70   27.44    0.61
1994  11   22.32    0.47   25.98    0.79   29.55    0.84   27.87    1.09
1994  12   23.77    0.68   26.16    0.80   29.51    0.93   27.94    1.22
1995   1   25.39    0.68   26.52    0.72   29.13    0.78   27.68    0.97
1995   2   26.22    0.04   26.92    0.37   29.02    0.81   27.58    0.70
1995   3   26.20   -0.37   27.23   -0.05   29.07    0.75   27.80    0.44
1995   4   24.77   -0.90   27.33   -0.28   29.13    0.55   28.17    0.32
1995   5   23.60   -0.87   26.81   -0.48   29.36    0.48   28.00    0.04
1995   6   22.53   -0.62   26.36   -0.27   29.16    0.26   27.77    0.04
1995   7   21.37   -0.68   25.50   -0.32   28.97    0.13   27.20   -0.10
1995   8   20.61   -0.50   24.46   -0.77   28.69   -0.07   26.50   -0.46
1995   9   20.48   -0.38   24.11   -0.96   28.53   -0.26   26.11   -0.76
1995  10   20.61   -0.56   24.22   -0.90   28.48   -0.29   25.96   -0.87
1995  11   21.63   -0.21   24.23   -0.96   28.32   -0.39   25.79   -0.98
1995  12   22.28   -0.81   24.42   -0.94   28.17   -0.41   25.82   -0.90
1996   1   24.02   -0.70   25.03   -0.77   27.97   -0.38   25.87   -0.84
1996   2   25.77   -0.40   25.85   -0.69   27.81   -0.39   26.07   -0.81
1996   3   26.32   -0.24   26.86   -0.43   28.04   -0.28   26.76   -0.60
1996   4   24.33   -1.34   27.00   -0.62   28.26   -0.32   27.52   -0.33
1996   5   23.42   -1.06   26.71   -0.58   28.62   -0.27   27.75   -0.21
1996   6   21.69   -1.46   26.05   -0.58   28.70   -0.19   27.54   -0.18
1996   7   21.00   -1.04   25.39   -0.42   28.60   -0.24   27.10   -0.21
1996   8   20.24   -0.86   24.89   -0.34   28.63   -0.14   26.79   -0.17
1996   9   20.29   -0.56   24.62   -0.45   28.55   -0.24   26.50   -0.38
1996  10   20.52   -0.65   24.58   -0.54   28.56   -0.21   26.48   -0.35
1996  11   20.76   -1.09   24.65   -0.54   28.59   -0.12   26.42   -0.36
1996  12   21.90   -1.19   24.43   -0.93   28.54   -0.04   26.15   -0.57
1997   1   23.94   -0.77   24.97   -0.83   28.41    0.06   26.16   -0.55
1997   2   26.16   -0.01   25.83   -0.71   28.45    0.25   26.49   -0.39
1997   3   27.07    0.51   26.91   -0.38   28.64    0.32   27.03   -0.33
1997   4   26.50    0.83   27.53   -0.09   29.31    0.73   28.01    0.17
1997   5   26.40    1.93   27.90    0.61   29.51    0.62   28.52    0.56
1997   6   25.92    2.77   28.02    1.39   29.35    0.46   28.82    1.09
1997   7   25.36    3.32   27.74    1.93   29.46    0.61   28.75    1.44
1997   8   24.70    3.59   27.59    2.36   29.35    0.59   28.70    1.74
1997   9   24.52    3.66   27.65    2.58   29.46    0.68   28.85    1.98
1997  10   24.67    3.51   28.01    2.89   29.43    0.65   29.08    2.25
1997  11   25.76    3.92   28.29    3.10   29.44    0.73   29.11    2.33
1997  12   27.02    3.94   28.44    3.09   29.23    0.66   28.96    2.24
1998   1   28.01    3.30   28.67    2.87   28.98    0.64   28.93    2.22
1998   2   28.83    2.66   28.82    2.28   28.86    0.66   28.77    1.90
1998   3   29.12    2.55   29.15    1.86   28.65    0.33   28.68    1.32
1998   4   28.23    2.56   29.24    1.62   28.59    0.00   28.72    0.87
1998   5   27.18    2.71   28.68    1.39   28.90    0.01   28.63    0.67
1998   6   25.33    2.18   27.11    0.48   28.63   -0.26   27.57   -0.16
1998   7   23.41    1.36   25.71   -0.10   28.42   -0.42   26.55   -0.76
1998   8   22.11    1.00   24.76   -0.47   28.10   -0.67   25.82   -1.14
1998   9   21.25    0.40   24.24   -0.84   28.10   -0.69   25.72   -1.15
1998  10   21.56    0.39   24.36   -0.76   27.70   -1.07   25.55   -1.28
1998  11   21.64   -0.20   24.59   -0.60   27.51   -1.20   25.57   -1.21
1998  12   23.01   -0.07   24.45   -0.91   27.24   -1.34   25.20   -1.52
1999   1   24.18   -0.53   24.74   -1.06   26.88   -1.46   25.13   -1.58
1999   2   25.71   -0.47   25.81   -0.74   26.86   -1.34   25.64   -1.24
1999   3   26.18   -0.39   26.88   -0.41   27.30   -1.02   26.51   -0.85
1999   4   24.66   -1.01   26.95   -0.66   27.76   -0.82   26.97   -0.88
1999   5   23.84   -0.64   26.58   -0.71   28.20   -0.69   27.05   -0.91
1999   6   22.41   -0.74   25.81   -0.82   28.20   -0.70   26.70   -1.03
1999   7   21.78   -0.27   25.11   -0.71   28.02   -0.83   26.36   -0.95
1999   8   20.86   -0.25   24.44   -0.79   27.96   -0.80   25.85   -1.11
1999   9   19.84   -1.02   24.07   -1.00   28.06   -0.73   25.88   -1.00
1999  10   20.22   -0.95   23.89   -1.22   28.04   -0.73   25.70   -1.13
1999  11   20.51   -1.33   23.80   -1.39   27.72   -0.99   25.34   -1.43
1999  12   22.29   -0.79   23.90   -1.46   27.43   -1.15   25.12   -1.60
2000   1   23.80   -0.92   24.23   -1.57   27.23   -1.11   25.00   -1.71
2000   2   25.47   -0.70   25.51   -1.03   26.98   -1.22   25.42   -1.45
2000   3   25.83   -0.74   26.81   -0.48   27.08   -1.24   26.35   -1.01
2000   4   25.42   -0.25   27.41   -0.21   27.52   -1.06   27.01   -0.83
2000   5   24.21   -0.27   26.89   -0.40   27.99   -0.89   27.22   -0.74
2000   6   22.72   -0.43   26.06   -0.57   28.25   -0.64   27.07   -0.66
2000   7   21.64   -0.41   25.23   -0.59   28.38   -0.46   26.75   -0.56
2000   8   20.31   -0.80   24.68   -0.55   28.30   -0.47   26.43   -0.54
2000   9   20.57   -0.29   24.64   -0.43   28.37   -0.41   26.34   -0.53
2000  10   20.78   -0.39   24.62   -0.49   28.27   -0.50   26.08   -0.75
2000  11   20.84   -1.00   24.57   -0.62   28.09   -0.62   26.02   -0.76
2000  12   22.18   -0.91   24.78   -0.58   27.80   -0.78   25.88   -0.84
2001   1   24.15   -0.57   25.40   -0.40   27.54   -0.81   25.98   -0.73
2001   2   25.72   -0.45   26.31   -0.23   27.52   -0.68   26.31   -0.57
2001   3   26.73    0.16   27.32    0.03   27.82   -0.50   26.96   -0.40
2001   4   26.00    0.33   27.54   -0.07   28.25   -0.33   27.46   -0.38
2001   5   24.06   -0.41   27.22   -0.07   28.70   -0.18   27.75   -0.21
2001   6   22.75   -0.40   26.50   -0.13   29.00    0.11   27.66   -0.07
2001   7   21.48   -0.57   25.69   -0.13   29.13    0.28   27.38    0.07
2001   8   20.30   -0.80   24.99   -0.24   29.05    0.29   26.88   -0.08
2001   9   19.98   -0.88   24.51   -0.56   29.16    0.37   26.71   -0.16
2001  10   20.13   -1.04   24.64   -0.48   29.12    0.34   26.70   -0.13
2001  11   21.07   -0.78   24.51   -0.68   28.92    0.22   26.50   -0.27
2001  12   22.12   -0.97   24.70   -0.66   28.71    0.13   26.28   -0.44
2002   1   24.19   -0.52   25.25   -0.55   28.75    0.40   26.55   -0.16
2002   2   26.35    0.18   26.19   -0.36   28.70    0.50   26.85   -0.03
2002   3   27.15    0.58   27.35    0.07   28.70    0.38   27.40    0.04
2002   4   26.09    0.42   27.67    0.06   29.14    0.56   27.97    0.13
2002   5   25.14    0.67   27.59    0.30   29.61    0.73   28.35    0.39
2002   6   23.66    0.51   27.27    0.64   29.63    0.73   28.50    0.77
2002   7   21.93   -0.12   26.35    0.54   29.61    0.77   28.09    0.79
2002   8   20.84   -0.27   25.76    0.53   29.48    0.71   27.82    0.86
2002   9   20.88    0.03   25.82    0.74   29.43    0.65   27.86    0.99
2002  10   21.56    0.39   25.98    0.87   29.51    0.74   28.01    1.18
2002  11   22.63    0.79   26.35    1.16   29.66    0.96   28.14    1.37
2002  12   23.59    0.50   26.45    1.09   29.47    0.89   28.01    1.29
2003   1   24.62   -0.10   26.43    0.63   28.97    0.62   27.44    0.73
2003   2   26.01   -0.17   26.95    0.41   28.89    0.68   27.55    0.67
2003   3   26.61    0.04   27.50    0.21   28.96    0.64   27.79    0.43
2003   4   25.14   -0.53   27.26   -0.35   29.06    0.48   27.83   -0.01
2003   5   23.10   -1.37   26.59   -0.70   29.04    0.15   27.57   -0.39
2003   6   22.17   -0.98   26.30   -0.33   29.18    0.29   27.65   -0.08
2003   7   21.27   -0.78   26.05    0.23   29.18    0.33   27.57    0.26
2003   8   21.03   -0.08   25.46    0.22   29.08    0.32   27.18    0.22
2003   9   20.46   -0.40   25.16    0.09   29.13    0.35   27.10    0.23
2003  10   21.25    0.08   25.46    0.34   29.29    0.52   27.26    0.43
2003  11   21.89    0.04   25.83    0.64   29.24    0.54   27.20    0.42
2003  12   23.08   -0.00   26.04    0.68   29.10    0.53   27.10    0.38
2004   1   24.75    0.04   26.20    0.41   28.85    0.50   26.95    0.24
2004   2   26.39    0.21   26.84    0.30   28.66    0.46   27.06    0.19
2004   3   25.88   -0.69   27.45    0.16   28.57    0.25   27.45    0.09
2004   4   25.46   -0.21   27.69    0.07   28.76    0.18   28.00    0.15
2004   5   23.71   -0.77   27.07   -0.22   29.14    0.26   28.13    0.17
2004   6   22.55   -0.60   26.54   -0.09   29.22    0.33   27.93    0.20
2004   7   21.11   -0.94   25.98    0.17   29.33    0.49   27.90    0.59
2004   8   20.55   -0.56   25.47    0.24   29.37    0.60   27.70    0.74
2004   9   20.70   -0.16   25.41    0.34   29.54    0.75   27.65    0.78
2004  10   21.31    0.14   25.57    0.45   29.58    0.81   27.57    0.74
2004  11   22.43    0.59   25.78    0.59   29.56    0.86   27.49    0.71
2004  12   23.46    0.38   26.01    0.65   29.51    0.93   27.46    0.74
2005   1   24.86    0.14   26.18    0.38   29.28    0.93   27.39    0.68
2005   2   25.49   -0.69   26.57    0.02   28.95    0.74   27.33    0.45
2005   3   25.72   -0.84   27.44    0.15   29.00    0.68   27.89    0.53
2005   4   25.43   -0.24   27.86    0.25   29.07    0.49   28.24    0.39
2005   5   24.28   -0.19   27.65    0.36   29.25    0.36   28.41    0.45
2005   6   22.56   -0.59   26.89    0.26   29.18    0.29   27.96    0.24
2005   7   21.67   -0.38   26.03    0.21   28.89    0.05   27.22   -0.09
2005   8   20.64   -0.47   25.42    0.19   28.93    0.17   27.02    0.06
2005   9   20.10   -0.76   24.96   -0.12   29.01    0.22   26.90    0.03
2005  10   20.06   -1.10   24.87   -0.24   29.02    0.24   26.81   -0.02
2005  11   20.81   -1.03   24.30   -0.89   28.69   -0.01   26.34   -0.43
2005  12   22.33   -0.75   24.32   -1.04   28.36   -0.22   26.01   -0.71
2006   1   24.54   -0.17   25.03   -0.77   27.94   -0.41   25.91   -0.80
2006   2   26.40    0.22   26.38   -0.16   27.65   -0.56   26.32   -0.56
2006   3   26.43   -0.14   27.06   -0.23   27.89   -0.43   26.83   -0.53
2006   4   24.68   -0.99   27.44   -0.17   28.42   -0.16   27.67   -0.17
2006   5   24.18   -0.29   27.35    0.06   28.96    0.07   27.96   -0.00
2006   6   22.98   -0.17   26.73    0.10   29.21    0.31   27.85    0.12
2006   7   22.05   -0.00   25.87    0.05   29.20    0.36   27.42    0.11
2006   8   21.77    0.66   25.62    0.39   29.25    0.49   27.30    0.34
2006   9   21.71    0.85   25.85    0.77   29.44    0.65   27.45    0.58
2006  10   22.07    0.90   26.05    0.93   29.48    0.70   27.53    0.70
2006  11   22.47    0.63   26.33    1.14   29.59    0.88   27.79    1.01
2006  12   23.69    0.61   26.50    1.14   29.46    0.89   27.81    1.09
2007   1   25.34    0.62   26.65    0.85   29.04    0.69   27.44    0.73
2007   2   26.38    0.20   26.66    0.12   28.77    0.56   27.09    0.21
2007   3   26.32   -0.25   27.07   -0.22   28.81    0.49   27.37    0.01
2007   4   24.90   -0.77   27.23   -0.38   28.88    0.29   27.70   -0.15
2007   5   23.28   -1.19   26.67   -0.62   29.04    0.15   27.71   -0.25
2007   6   21.82   -1.33   26.11   -0.52   29.00    0.11   27.58   -0.15
2007   7   21.24   -0.81   25.21   -0.60   28.89    0.04   27.00   -0.31
2007   8   20.20   -0.91   24.31   -0.92   28.65   -0.11   26.45   -0.51
2007   9   20.08   -0.78   24.01   -1.06   28.38   -0.41   26.01   -0.86
2007  10   19.69   -1.48   24.00   -1.11   28.23   -0.54   25.74   -1.09
2007  11   20.19   -1.66   23.99   -1.20   28.00   -0.71   25.58   -1.19
2007  12   21.63   -1.45   24.11   -1.25   27.81   -0.77   25.49   -1.24
2008   1   24.31   -0.40   24.55   -1.25   27.28   -1.07   25.21   -1.50
2008   2   26.45    0.27   25.51   -1.04   26.94   -1.26   25.41   -1.47
2008   3   26.87    0.31   26.69   -0.60   27.30   -1.02   26.27   -1.09
2008   4   25.69    0.01   27.28   -0.34   27.76   -0.83   26.99   -0.86
2008   5   24.46   -0.02   27.09   -0.20   28.09   -0.79   27.25   -0.71
2008   6   23.22    0.07   26.51   -0.12   28.12   -0.78   27.20   -0.53
2008   7   22.81    0.77   26.04    0.23   28.16   -0.69   27.05   -0.26
2008   8   21.86    0.76   25.61    0.38   28.19   -0.58   26.80   -0.16
2008   9   21.43    0.57   25.34    0.26   28.25   -0.54   26.63   -0.24
2008  10   21.23    0.06   25.29    0.17   28.31   -0.46   26.54   -0.29
2008  11   21.66   -0.19   25.14   -0.05   28.16   -0.54   26.42   -0.36
2008  12   22.90   -0.19   24.92   -0.43   27.96   -0.62   25.98   -0.75
2009   1   24.71   -0.01   25.32   -0.48   27.64   -0.70   25.80   -0.91
2009   2   25.84   -0.34   26.17   -0.38   27.63   -0.58   26.18   -0.70
2009   3   26.10   -0.47   26.90   -0.38   27.98   -0.34   26.96   -0.40
2009   4   26.07    0.39   27.60   -0.01   28.56   -0.03   27.78   -0.07
2009   5   24.89    0.42   27.63    0.34   29.01    0.12   28.16    0.20
2009   6   23.92    0.77   27.23    0.60   29.23    0.34   28.15    0.42
2009   7   22.98    0.94   26.52    0.71   29.25    0.41   27.86    0.55
2009   8   21.74    0.63   26.00    0.77   29.33    0.57   27.51    0.55
2009   9   21.17    0.31   25.77    0.70   29.50    0.72   27.50    0.63
2009  10   21.21    0.04   25.84    0.72   29.78    1.00   27.76    0.93
2009  11   21.92    0.07   26.15    0.96   29.87    1.17   28.11    1.34
2009  12   23.15    0.06   26.36    1.00   29.72    1.15   28.15    1.43
2010   1   24.75    0.03   26.64    0.84   29.39    1.05   27.97    1.26
2010   2   26.35    0.18   27.32    0.77   29.07    0.87   28.00    1.12
2010   3   26.70    0.13   27.87    0.58   29.14    0.82   28.24    0.89
2010   4   26.04    0.36   28.03    0.42   29.29    0.71   28.35    0.51
2010   5   24.79    0.31   27.35    0.06   29.23    0.34   27.97    0.01
2010   6   23.18    0.03   26.22   -0.41   28.85   -0.04   27.28   -0.45
2010   7   21.22   -0.82   25.12   -0.69   28.34   -0.50   26.52   -0.79
2010   8   19.82   -1.29   24.34   -0.90   27.78   -0.98   25.80   -1.16
2010   9   19.60   -1.26   24.02   -1.06   27.60   -1.18   25.45   -1.42
2010  10   19.92   -1.24   24.03   -1.08   27.54   -1.23   25.46   -1.37
2010  11   20.53   -1.32   24.04   -1.15   27.54   -1.16   25.46   -1.32
2010  12   22.24   -0.85   24.30   -1.06   27.47   -1.10   25.37   -1.35
2011   1   24.66   -0.05   24.66   -1.13   27.32   -1.03   25.24   -1.47
2011   2   26.29    0.11   25.86   -0.68   27.54   -0.66   25.82   -1.06
2011   3   25.93   -0.64   26.71   -0.58   27.94   -0.38   26.59   -0.77
2011   4   25.45   -0.22   27.42   -0.20   28.26   -0.33   27.29   -0.56
2011   5   24.52    0.05   27.06   -0.23   28.62   -0.26   27.62   -0.34
2011   6   23.49    0.34   26.65    0.03   28.68   -0.21   27.60   -0.13
2011   7   22.08    0.04   25.74   -0.07   28.59   -0.25   27.10   -0.20
2011   8   20.69   -0.42   24.91   -0.32   28.31   -0.45   26.44   -0.52
2011   9   20.10   -0.76   24.50   -0.58   28.09   -0.70   26.08   -0.80
2011  10   20.42   -0.75   24.23   -0.89   28.11   -0.67   25.97   -0.86
2011  11   21.05   -0.80   24.32   -0.87   27.96   -0.74   25.86   -0.91
2011  12   22.04   -1.04   24.61   -0.75   27.78   -0.80   25.87   -0.85
2012   1   24.13   -0.58   25.38   -0.42   27.60   -0.75   25.93   -0.77
2012   2   26.32    0.15   26.41   -0.13   27.66   -0.54   26.28   -0.60
2012   3   26.66    0.09   27.29    0.00   27.85   -0.47   26.92   -0.44
2012   4   26.21    0.54   27.68    0.07   28.24   -0.35   27.40   -0.44
2012   5   25.45    0.97   27.39    0.10   28.64   -0.25   27.64   -0.32
2012   6   24.39    1.24   26.89    0.26   28.82   -0.08   27.63   -0.10
2012   7   22.51    0.46   26.34    0.52   28.81   -0.04   27.46    0.15
2012   8   21.53    0.42   25.71    0.48   28.89    0.12   27.25    0.29
2012   9   21.31    0.45   25.57    0.50   29.12    0.33   27.37    0.50
2012  10   20.97   -0.20   25.33    0.21   29.20    0.42   27.28    0.45
2012  11   21.31   -0.53   25.28    0.09   29.12    0.41   27.10    0.33
2012  12   22.40   -0.68   24.90   -0.46   28.73    0.15   26.45   -0.27
2013   1   24.47   -0.25   25.11   -0.69   28.45    0.10   26.15   -0.56
2013   2   25.94   -0.23   26.03   -0.51   28.11   -0.09   26.39   -0.49
2013   3   26.07   -0.50   27.08   -0.21   27.96   -0.36   26.96   -0.40
2013   4   24.63   -1.04   27.43   -0.18   28.41   -0.18   27.70   -0.15
2013   5   23.45   -1.02   26.88   -0.41   28.70   -0.19   27.83   -0.13
2013   6   21.65   -1.50   26.01   -0.62   28.83   -0.06   27.49   -0.24
2013   7   20.63   -1.42   25.35   -0.47   28.71   -0.13   27.10   -0.21
2013   8   20.31   -0.80   24.76   -0.47   28.76    0.00   26.79   -0.17
2013   9   20.28   -0.58   24.75   -0.32   28.81    0.02   26.71   -0.17
2013  10   20.60   -0.57   24.97   -0.15   28.85    0.07   26.67   -0.16
2013  11   21.58   -0.27   25.06   -0.13   28.68   -0.03   26.63   -0.15
2013  12   22.83   -0.25   25.26   -0.10   28.53   -0.04   26.52   -0.20
2014   1   24.71   -0.01   25.43   -0.37   28.15   -0.20   26.12   -0.59
2014   2   25.74   -0.44   25.98   -0.56   28.23    0.03   26.16   -0.72
2014   3   26.26   -0.31   27.09   -0.20   28.44    0.12   26.89   -0.47
2014   4   25.56   -0.11   27.65    0.04   28.91    0.32   27.71   -0.13
2014   5   25.16    0.68   27.67    0.38   29.16    0.28   28.01    0.05
2014   6   24.32    1.17   27.11    0.48   29.05    0.16   27.68   -0.05
2014   7   23.12    1.08   26.30    0.49   29.05    0.20   27.28   -0.03
2014   8   22.03    0.92   25.41    0.18   29.11    0.34   26.90   -0.06
2014   9   21.47    0.61   25.36    0.29   29.24    0.45   27.03    0.15
2014  10   21.66    0.49   25.72    0.61   29.28    0.50   27.25    0.42
2014  11   22.39    0.55   26.03    0.84   29.37    0.66   27.52    0.74
2014  12   23.36    0.27   26.07    0.71   29.33    0.75   27.40    0.67
2015   1   24.68   -0.03   26.25    0.46   29.10    0.75   27.21    0.50
2015   2   25.84   -0.34   26.67    0.13   28.99    0.79   27.23    0.36
2015   3   26.69    0.12   27.51    0.22   29.16    0.84   27.77    0.41
2015   4   26.29    0.61   28.23    0.62   29.61    1.03   28.58    0.73
2015   5   25.68    1.21   28.19    0.90   29.83    0.95   28.82    0.86
2015   6   25.13    1.98   27.87    1.24   29.77    0.87   28.70    0.97
2015   7   24.30    2.26   27.40    1.59   29.58    0.74   28.50    1.19
2015   8   22.83    1.73   27.06    1.83   29.57    0.81   28.47    1.51
2015   9   22.96    2.10   27.12    2.05   29.63    0.85   28.62    1.75
2015  10   23.08    1.91   27.37    2.25   29.73    0.96   28.87    2.04
2015  11   23.87    2.03   27.72    2.53   29.99    1.29   29.14    2.37
2015  12   24.86    1.78   27.83    2.48   29.87    1.30   29.04    2.32
2016   1   26.21    1.49   28.14    2.34   29.46    1.11   28.95    2.24
2016   2   27.30    1.12   28.40    1.85   29.40    1.19   28.89    2.02
2016   3   27.47    0.91   28.79    1.50   29.46    1.14   29.00    1.64
